00110002
00110020
00110013
00110001
00110003
00110004
00110006
00110014
00110005
00110016
00110009
00110022
00110007
00110018
00110021
00110023
00110017
00110019
00110008
0007002200020001
00110015
00210001
0021000100470003
00210003
00210010
00210019
00210002
00210016
00210017
00210021
00210014
00210023
00210022
00210018
00210012
00210011
00210013
00230024
00230018
00230001
00230023
00230027
00230014
00230003
00230010
00230030
00230029
00230013
00230019
00230012
00230009
00230026
002300180002
002300090001
002300030001
002300140001
00230039
00230028
00230006
00230038
00230035
00230025
002300180010
00230037
00230036
00230040
00190001
00190002
00190007
00190006
00190004
00190005
00190008
00190009
00190010
00190011
00080001
00080017
00080008
00080020
00080003
00080009
00080002
00080007
000800050023
00080005
00080006
00080018
00080024
00080022
00080021
00080023
00080019
00080025
00080026
00080027
00050001
00050002
00050025
00050003
00050011
00050012
00050024
00050015
00050017
00050016
00050007
00050009
00050013
00050004
00050014
00050020
00050019
00050018
000500070006
000500030007
00050008
00250011
00050027
00220006
00220009
00220013
00220014
00220010
00220007
00220008
00220011
00220012
00220015
00220002
00220021
00220017
00220016
00220001
00220004
00220018
00220003
00220019
00220020
00220005
00220022
00220023
00090002
00090004
00090005
00090017
00090007
00090008
00090013
00090015
00090009
00090011
00090016
00090001
00090014
00090019
00090018
00090020
00180001
00180002
00180003
00180035
00180004
00180005
00180006
00180007
00180008
00180037
00180039
00180011
00180012
00180013
00180014
00180015
00180016
00180017
00180018
00180038
00180040
00180020
00180036
00180021
00180022
00180041
00180026
000300030001
000100020007
00170001
00180033
00120016
00180042
00180043
001800330010
001500010010
00030003
00030011
00030006
00030004
00030012
00030013
00200001
00200002
00200003
00200004
00200005
00240001
00240029
00240003
00240002
00240033
00240007
00240008
00240009
00240012
00240004
00240006
00240015
00240030
00240031
00240017
00240018
00240019
00240020
00240021
00240022
00240034
00240032
00240016
00240005
00240023
002000030005
00060014
00230014
00090004
000900040005
00120007
00120006
00120008
00120012
00120001
00120002
00120005
00120003
00120004
00120015
00120016
00120017
00120018
00120010
00120019
00020005
00020007
00020008
00020010
00020006
00020011
00020012
00020013
00020014
00020030
00020031
00020033
00020032
00020018
00020019
00020020
00020021
00020034
00020035
00020022
00020001
00020036
00020025
00150007
00140003
001200040002
00150007
00150008
00140003
00140010
00140011
00140020
00140012
00140013
00140014
00140015
00140016
00140002
00140017
00140025
00140019
00140008
001700120002
001700130002
00170014
00180016
00170002
0002003600020016
00150007
00150008
00150001
00150005
00150006
00150019
00160001
00160002
00160003
00160004
00160005
00160006
00160007
00160008
00160009
00160010
00160011
00160012
00160013
00020010
000200220011
00250003
00160017
00010011
00010012
00010001
00010002
00010003
00010013
00010005
00010006
00010007
00010014
00060003
00060030
00060034
00060007
00060010
00060025
00060011
00060017
00060026
00060022
00060018
00060006
00060009
00060027
00060028
00060012
00060023
00060013
00060021
00060024
00060001
00060002
00060015
00060029
00060019
00060020
00060032
00060016
00060014
00060008
00060031
00060033
00100003
00100008
00100004
00100001
00100002
00100010
00100006
00100007
00100009
00100011
00100012
00100013
00100014
00100015
00100016
00100017
00040001
00040002
00040003
00040004
00040005
00040006
00040007
00040008
00040009
00040010
00040011
00040012
00040015
00040016
00040017
00040014
00040018
00170001
00170002
00170003
00170004
00170005
00170006
00170007
00170012
00170013
00170014
00170015
00170020
00170021
00130008
00130006
00130027
00130003
00130009
00130023
00130024
00130004
00130025
00130017
00130019
00130022
00130028
00130029
00130012
00130013
00130014
00130015
00130016
00130031
00130018
00130011
00130020
00060008
00170005
000800020004
000900180001
00040006
00130032
00130033
00130034
00070011
00070010
00070013
00070012
00070025
00070018
00070016
00070027
00070017
00070008
00070019
00240022
00070021
00070023
00070024
00070009
00070020
00070022
00070026
